fro_mean=0.53496790
fid_mean=0.69513232
